ACCOUNT_ID=0.0.2151543
PUBLIC_KEY=302a300506032b6570032100c99915e998fb051e7e4b00426767e283b680dc6045af15117efc9f55843dab7a 
PRIVATE_KEY=302e020100300506032b657004220420ac5cd9402e9e365530faccb8b85670089fca8aec39228a621f3f5ba9258576d2
TOPIC_ID=0.0.34845392
WEB3_API_TOKEN=eyJhbGciOiJIUzI1NiIsInR5cCI6IkpXVCJ9.eyJzdWIiOiJkaWQ6ZXRocjoweDIwOTg3MEU2ZkY5M2Y1NkIzOThiMWQ2N0EwQzg2QzdhOUYyNERGODgiLCJpc3MiOiJ3ZWIzLXN0b3JhZ2UiLCJpYXQiOjE2NDgwNDA2NDIwMTMsIm5hbWUiOiJmZWQtcmwtZ3JhZGllbnRzIn0.ay2LbNKpxwIvgDSHdKocX5ju2bwv-KdfCfT5TZXST4U
WEB3_API_NAME=fed-rl-gradients
STATUS_TOPIC_ID=0.0.46034756
TEST_TOPIC_ID=0.0.46844646